31841001
31885181
31872957
31873213
31871321
31867857
31856920
31864810
31831620
31827272
31819260
31811739
31550056
31804486
31802000
31849633
31796124
31792435
31885203
31885201
31885205
31801079
31788827
31664237
31653976
31783876
31786069
31776383
31658407
31753895
31747680
31747127
31740821
31740789
31740578
31740522
31735668
31735667
31733337
31711268
31685959
31730851
31730850
31673121
31520075
31276579
31733513
31668010
31659326
31659149
31645724
31656317
31641044
31640768
31635152
31626286
31629658
31629552
31824649
31628041
31622732
31609649
31605112
31603612
31603610
31607649
31600188
31560527
31605717
31596468
31594948
31591555
31589307
31590109
31582558
31876517
31644901
31636232
31633216
31626769
31576060
31562479
31527288
31524898
31504356
31241141
31120853
31568538
31562488
31558800
31608057
31554625
31553718
31551401
31583082
31548707
31548330
31546776
31537017
31535454
31324630
31515287
31515273
31500101
31523127
31493515
31484689
31508204
31933716
31077330
30875317
31469169
31455890
31314157
31592143
31522122
31427208
31399574
31399513
31398032
31402318
31485223
31385806
31390575
31251056
31363205
31350339
31346174
31341302
31337712
31324722
31329029
31320644
31241982
31308546
31413850
31303549
31294690
31309145
31292113
31289126
31284834
31286998
31278473
31266503
31365866
31222735
31114856
31075175
30931475
30520945
31253650
31243369
31293529
31229689
31208443
31205001
31204999
31203204
31189957
31135968
31160350
31159881
31028178
30104410
31226277
31216478
31189097
31095506
31097821
31036940
30886333
30388198
31147535
31140761
31093969
31133702
31178848
31008532
31095607
31089132
31087419
31084637
31086343
31076485
31076446
31074702
31080084
31068671
31006338
30945750
31259045
31067442
31051137
30892606
30805612
31036959
31036670
31036831
30964290
31035624
31028144
31031010
31031001
30965006
31000522
30992471
30992455
30877193
30982601
30971701
30978502
30962624
30943044
30942170
31049777
30946852
30936530
30936547
30936548
30936069
30818397
28633286
30926794
30926625
30925180
30929924
30918005
30917125
30917130
30913026
30903157
30898811
30890157
30886345
30884972
30834622
30880002
30872318
30872158
30858367
30840627
30982672
30833550
30923194
30921532
30826503
30854475
30827917
30703278
30814633
30891356
30796038
30792207
30788598
30937381
30541846
30792148
30792544
30773316
30756254
30747106
30745140
30733546
30718349
30753835
30709874
30171304
29383395
30711698
30704404
30700908
30685953
30682149
30569539
30630895
30659261
30658995
30642846
30996985
30639226
30647915
31432492
31359398
31278674
31278660
31172477
30911891
30713700
30652115
30610687
30476243
30418610
30398656