31877322
31871183
31856237
31852826
31899087
31848402
31831856
31794056
31897022
31780431
31765647
31745241
31752319
31751748
31704057
31692469
31666521
31652818
31824649
31615897
31576635
31876517
31541188
31531471
31527838
31462497
31576227
31373574
31363031
31350339
31382119
31316088
31376619
31303480
31288030
31324691
31324690
31262830
31066444
31274445
31380168
30967564
30737350
30944476
31074435
30894413
30872316
30567981
30855248
30792490
30792174
30781512
30821707
30726752
30705290
30644743
30663115
30655475