31892649
31889157
31876783
31873308
31942413
31956321
31853005
31844186
31836869
31829916
31833957
31818979
31897022
31834176
31700130
31685953
31685954
31645683
31586387
31784716
31768004
31758162
31511336
31832084
31750677
31748716
31744867
31735667
31591514
31593036
31578519
31570872
31548713
31672760
31405858
31603356
31600234
31489627
31574474
31501593
31471593
31219848
31558129
31558682
31803848
31530468
31519528
31782711
31630711
31491388
31478997
31445727
31383951
31366987
31366986
31361668
31385871
31324870
31261249
30932944
30768152
31465454
31429725
31382493
31374102
31273301
31213662
31114039
31053825
31396169
31295315
31890479
31250824
31118492
31065078
31255634
31053827
30944456
30918336
30859209
30694925
31150491
31126218
31101498
31018749
30923349
30918337
30872810
30543564
31023790
31001428
31031014
31272247
30904051
30833794
30770903
30760883
30628989
30557229
30168000
30896237
30958477
30871662
30710120
30700812
30683908
30647472
30610206
30334908
29742642
29165579
30811099
30794053
30767786
30765378
30738382
30575802
30573906
30523331
30063644
30635405
31070418
30692232
30531849
30479375
30479376
30443035
30211720