31886916
31882714
31836005
31892341
31843054
31886458
31819058
31819260
31818940
31887656
31838087
31871773
31844327
31827124
31827285
31755270
31814998
31796628
31796567
31835027
31825480
31801079
31885205
31776409
31766582
31584084
31746734
31368484
31396628
31733177
31744855
31744546
31725724
31780431
31722201
31647630
31702580
31694351
31520075
31192369
31134271
31161210
31787936
30184176
31612567
31657527
31606900
31616925
31618524
31649060
31599596
31645299
31824649
31599373
31625274
31591642
31590109
31548717
31605699
31582381
31451767
31577949
30793173
30851093
31241141
31554804
31541106
31537640
31359622
31490922
31468292
31481418
31508204
31493559
31406358
31477173
31491388
30759194
30084866
31451789
31114882
31114032
31160790
31508380
31444325
31455890
31462646
31374138
31475029
31413325
31409373
31405382
31585827
31409758
31383865
31021472
31388075
31377195
31363752
30279470
30590394
31341188
31340985
31308532
31312514
31278258
31220273
31160811
31260947
31243271
30475984
30500878
30976793
31233486
31219795
31246949
31209238
31307129
31239291
31138913
31179617
31030650
31171447
30976107
30916337
31158512
31147538
31151381
31111462
31081335
31101498
31118083
31097696
31128961
31089211
31076557
31020723
31062469
31068678
31064398
31051111
29077858
31048689
31048830
31039604
31036831
30992455
31013298
31004050
30964620
30971690
30958812
30840782
30988298
30894680
30988261
30886376
30928571
30855969
30958477
30667172
31003228
30926780
30859831
30930166
30886340
30890697
30854487
30787451
30850636
30833551
30833550
30849372
30833764
29897410
30462164
29028883
30813438
30744673
30745586
30688441
30782214
31200172
30784590
30659290
30737144
30726875
30718869
30535405
30735498
30722791
30032202
30020414
30692680
30797326
30854422
30722999
30664745
30397019
30471192
31868882
30639098
30631996
30617251
30625143
31802127
31278684
30830465
31028638
30602777
30631651
30609404
30715275
30715277
30673601
30673604
30496401
30758827
30535239
30980331
30462303
30445541
30445657
30445434
30398663
30398656
30398643
30407521
30407529
30395270
30395289
30298402
30304474
30272209
29931189
29931085
30371819
30357387
30364992
30357350
30357405
30357393
