31841001
31871321
31873213
31856920
31833957
31867857
31942413
31819260
31831620
31872957
31864810
31885181
31827272
31550056
31811739
31804486
31849633
31802000
31792435
31796124
31801079
31885203
31885205
31885201
31788827
31759488
31783876
31658407
31786069
31653976
31664237
31776383
31753895
31740789
31740522
31740821
31740578
31747680
31747127
31735667
31735668
31711268
31733337
31730851
31730850
31685959
31673121
31520075
31733513
31276579
31668010
31659149
31659326
31678471
31626286
31645724
31628041
31641044
31640768
31635152
31609649
31824649
31629658
31629552
31600188
31560527
31605112
31603612
31603610
31607649
31589307
31591555
31594948
31590109
31562479
31876517
31644901
31527288
31524898
31633216
31596468
31504356
31605717
31626769
31582558
31576060
31241141
31120853
31551401
31583082
31608057
31558682
31562488
31554625
31553718
31324630
31537017
31546776
31548330
31548707
31515287
31515273
31535454
31519528
31933716
31523127
31508204
31484689
31493515
31469169
31500101
31077330
31314157
31455890
31427208
31592143
31522122
31415767
31399513
31399574
31402318
31485223
31385806
31390575
31363205
31350339
31251056
31337712
31346174
31341302
31324722
31320644
31309145
31308546
31292113
31289126
31294690
31413850
31303549
31284834
31286998
31266503
31365866
31075175
31114856
31243369
30520945
30931475
31253650
31204999
31205001
31229689
31203204
31293529
31208443
31367241
31189957
31216478
31135968
31095506
31097821
31189097
31226277
31159881
31160350
31036940
30886333
30104410
31028178
30388198
31147535
31093969
31178848
31140761
31133702
31095607
31084637
31086343
31089132
31076485
31074702
31076446
31080084
31051137
30892606
31067442
30805612
30964290
30945750
31006338
31259045
31036959
31036831
31036670
31028144
31035624
30999038
30992471
30992455
31000522
30965006
31031001
31031010
30982601
30877193
30971701
30962624
30942170
30943044
30818397
30918005
30917130
30936069
30936530
30936547
30936548
30903157
30925180
30926794
30929924
30886345
30890157
30913026
30872318
31049777
30880002
30872158
30858367
30982672
30833550
30840627
30826503
30921532
30923194
30814633
30703278
30891356
30827917
30854475
30792207
30796038
30937381
30788598
30747106
30756254
30773316
30753835
30745140
30733546
30711698
30171304
30718349
30704404
30709874
30569539
30700908
30659261
30630895
30658995
30682149
30639226
30996985
30647915
31432492
31172477
31278674
31278660
31134502
31359398
30911891
30652115
30610687
30713700
30476243
30398656
30418610
