31892341
31886916
31882714
31886458
31871773
31843054
31844327
31840826
31836005
31887656
31838087
31827285
31827124
31819260
31819058
31818940
31755270
31796628
31796567
31814998
31885205
31825480
31801079
31584084
31515253
31396628
31368484
31776409
31780431
31766582
31746734
31744855
31744546
31725724
31787936
31694351
31647630
31722201
31520075
31192369
31161210
31134271
30184176
31657527
31606900
31612567
31649060
31599596
31645299
31625274
31618524
31824649
31599373
31605699
31591642
31590109
31582381
31577949
31548717
31451767
31241141
30851093
30793173
31554804
31541106
31537640
31359622
31490922
31493559
31508204
31477173
31491388
31481418
31468292
31406358
31160790
31114882
31114032
30759194
30084866
31462646
31455890
31374138
31451789
31508380
31444325
31585827
31475029
31413325
31409373
31409758
31439453
31405382
31388075
31021472
31383865
31377195
31363752
30590394
30279470
31341188
31340985
31308532
31312514
31278258
31268505
31220273
31160811
30976793
30500878
30475984
31260947
31246949
31243271
31239291
31233486
31219795
31307129
31209238
31179617
31171447
31138913
31030650
30976107
30916337
31158512
31151381
31147538
31111462
31081335
31129016
31128961
31118083
31097696
31089211
31020723
31076557
31068678
31064398
31062469
31048876
31048830
31048689
31051111
29077858
31039604
31036831
31013298
31004050
30992455
30988298
30964620
30971690
30988261
30958812
30840782
30946060
31003228
30982426
30894680
30886376
30926780
30928571
30859831
30667172
30855969
30890697
30886340
30850636
30854487
30833551
30833550
30833764
30787451
30462164
29897410
29028883
30813438
30782214
30688441
30745586
30744673
30735498
30726875
30737144
30722791
30718869
31200172
30784590
30709436
30659290
30535405
30032202
30020414
30797326
30854422
30722999
30692680
30664745
30471192
30631996
30625143
30397019
30617251
30631651
30830465
30602777
31868882
31802127
31278684
31028638
30980331
30758827
30715277
30715275
30673604
30673601
30535239
30496401
30462303
30445657
30445541
30445434
30407521
30407529
30398656
30398663
30395270
30398643
30395289
30371819
30357405
30364992
30357387
30357350
30357393
30304474
30298402
30272209
29931085
29931189